start=15.663000
volume=106.000000
