start=2521.023000
volume=160.000000
