start=1995.543000
volume=96.000000
