start=175.903000
volume=130.000000
fullscreen=yes
