volume=140.000000
panscan=0.100000
