start=479.583000
volume=160.000000
fullscreen=yes
