start=1294.623000
volume=134.000000
