start=1356.303000
volume=84.000000
fullscreen=yes
